|121712 200013|200000
|031712 200013|   001
|301267 200003|   002
|002200 206326|   003
|042200 206327|   004
|102200 206330|   005
|142200 206331|   006
|202200 206332|   007
|242200 206333|200010
|302200 206334|   011
|342200 206335|   012
|201712 200013|   013
|140500 200515|   014
|011206 001747|   015
|031712 606336|   016
|410706 200016|   017
|011226 001747|200020
|101261 203204|   021
|001201 000001|   022
|011227 001747|   023
|001600 206670|   024
|001600 206704|   025
|001600 206671|   026
|001600 206740|   027
|001600 206726|200030
|001600 206672|   031
|001600 206673|   032
|001600 206674|   033
|001600 206741|   034
|001600 206742|   035
|001600 206644|   036
|001600 206743|   037
|001600 206744|200040
|001600 206706|   041
|001600 206717|   042
|001600 206720|   043
|021712 201164|   044
|021726 206651|   045
|021712 201525|   046
|041201 000000|   047
|131711 206651|200050
|021711 206651|   051
|031712 206725|   052
|031712 200232|   053
|031712 200234|   054

|031712 200520|   055
|001206 000043|   056
|002400 206337|   057
|003406 022130|200060
|041721 377604|   061
|760606 200060|   062
|011206 000017|   063
|002400 206766|   064
|003400 206677|   065
|002400 206767|   066
|003400 206676|   067
|011206 000012|200070
|061606 206763|   071
|002406 200617|   072
|003400 206702|   073
|001206 000001|   074
|001606 206713|   075
|041201 000001|   076
|131712 203331|   077
|021712 203331|200100
|001206 001000|   101
|001606 206653|   102
|002400 206340|   103
|007200 206341|   104
|007500 206342|   105
|004100 206343|   106
|003400 206764|   107
|002400 206344|200110
|003400 206722|   111
|002400 202647|   112
|013400 206665|   113
|223400 206666|   114
|001600 377604|   115
|001206 000377|   116
|001212 000377|   117
|001612 606345|200120
|001012 206346|   121
|760606 200120|   122
|011206 000031|   123
|003406 023263|   124
|410706 200124|   125
|011206 001750|   126
|003406 014476|   127
|003406 004606|200130
|003406 012520|   131
|003406 010542|   132
